51684545
51647158
79104376
51989248
88135767
19489353
38260458
19108422
14431358
30713398
10527315
10526052
34539832
16788580
16272245
16593433
10517734
16584721
16666908
31863142
6085225
31287525
78690585
16588344
10515930
16657934
16604931
16356848
16361294
16758400
32617648
22400265
8696477
22621358
3745639
16204298
24292514
24319604
42879701
71596308
15345075
71649567
43092056
8318230
11795968
71628691
8719068
70081056
3599220
71589379
70042371
32543179
34971368
8406459
16254320
16262277
31162346
19260909
17185085
45485962
20950677
28550720
12960157
14207770
34526057
4626718
31942232
16676779
16581995
66983233
17142875
14443911
79555941
31883293
14250718
16615206
5963128
16451505
32690351
72128261
33196546
32698422
57421090
32635695
16600648
19389069
30271032
24948425
16728062
13475321
43005179
70566745
26259427
14880657
5557785
11299794
19336927
8354389
31159559
16247537
31178021
16266958
80409649
16604413
31843364
31142887
16859158
31520711
10255009
43030896
70077137
16856427
16699508
79158667
31856027
71605967
31417913
30314711
6077407
66899321
16265503
66714010
37254572
42066163
19369133
17324272
40758542
23133585
77021890
8354392
71620730
70518754
16832440
80400122
16643497
16274369
3219869
16627514
72195931
13893505
52690272
10070114
70554068
66847563
25265733
79691117
75080471
70057698
8291257
14899669
94512135
6316249
19497294
66857497
79061657
19480692
26939681
70556446
16535729
66765603
70071018
5088025
31278547
36535422
10132043
54252226
15428258
16238724
9653927
41921677
13841047
93409430
52712168
52265036
11800834
72141318
37927967
19205310
42127807
17321233
19475691
9531909
31375633
79399491
12117880
31871963
51611118
16604519
16465897
73073016
32609835
32727078
8267821
7523861
10272872
19254732
91480871
77015419
19330113
16216649
19359382
19316466
32880919
30322235
14981957
91153958
31374899
5802772
7698305
98400148
10529235
10479444
16606373
14996840
14432259
16360101
31204861
22744832
73133932
15903843
16160020
51957682
70036124
4096626
71314760
71626399
6884333
39301322
16260135
71688522
16700031
16749655
16748776
67039503
6254382
5401946
6104647
7315537
8101235
10308830
10491801
10769633
12748563
14695109
14697185
14703370
14896059
16783956
16839109
18505857
21739812
22586879
22615378
25279955
29121438
29182702
31420514
32716983
32731951
32772789
36667359
37670321
38212419
38641155
38879359
39141697
40038239
40185175
41949987
42112016
42150495
42159221
43527032
43625604
43632712
43867024
43990864
46363652
49794916
52153011
52328102
52417043
52419955
52759108
52858461
52871459
52909205
52964918
52997709
55225607
55304549
55305784
55306601
57297980
57430926
59686849
60370900
60395542
60445440
64585675
65746072
66660117
66731257
66778487
66900601
66951071
66991288
67024085
67029201
67039160
67039927
71598311
71600776
71684250
74770618
75106831
79710320
79938491
80170972
80797470
80927665
94061102
94309767
94321419
94370775
94501498
1015998563
1016041468
1018409605
1020406698
1020758693
1023880215
1024499228
1032440175
1033779361
1037498303
1037574206
1045708616
1053782583
1053793867
1061733923
1070924192
1086222810
1094924193
1098628039
1098750839
1107099017
1107524768
1110465371
1113624747
1113625591
1113628206
1114813088
1115064110
1116235336
1116241273
1116259174
1126597383
1128419977
1130613844
1130614631
1130615355
1130627097
1130636903
1130641766
1130669423
1130674552
1140840240
1143836199
1143941375
1144025299
1144057303
1144059246
1144138114
1144157168
1216724331